26/03/2012 RangaSwamy 1 2000 3000 2500 3000 
26/03/2012 lakshmi 3 2000 2500 3500 2000 
26/03/2012 sailaja 2 5000 1000 2000 500 
26/03/2012 chamandi 4 7000 4000 3000 3000 
26/03/2012 aruna 6 3000 1000 2000 3000 
26/03/2012 swapna 5 3000 2000 5000 500 
27/03/2012 RangaSwamy 1 1000 3000 2500 3000 
27/03/2012 lakshmi 3 1000 2500 3500 2000 
27/03/2012 sailaja 2 4000 1000 2000 500 
27/03/2012 chamandi 4 6000 4000 3000 3000 
27/03/2012 aruna 6 2000 1000 2000 3000 
27/03/2012 swapna 5 2000 2050 1000 500 
28/03/2012 RangaSwamy 1 2000 3000 2500 3000 
28/03/2012 lakshmi 3 2000 2500 3500 2000 
28/03/2012 sailaja 2 5000 1000 2000 500 
28/03/2012 chamandi 4 7000 4000 3000 3000 
28/03/2012 aruna 6 3000 1000 2000 3000 
28/03/2012 swapna 5 3000 2000 5000 500 
29/03/2012 RangaSwamy 1 1000 3000 2500 3000 
29/03/2012 lakshmi 3 1000 2500 3500 2000 
29/03/2012 sailaja 2 4000 1000 2000 500 
29/03/2012 chamandi 4 6000 4000 3000 3000 
29/03/2012 aruna 6 2000 1000 2000 3000 
29/03/2012 swapna 5 2000 2050 1000 500 
30/03/2012 RangaSwamy 1 2000 3000 2500 3000 
30/03/2012 lakshmi 3 2000 2500 3500 2000 
30/03/2012 sailaja 2 5000 1000 2000 500 
30/03/2012 chamandi 4 7000 4000 3000 3000 
30/03/2012 aruna 6 3000 1000 2000 3000 
30/03/2012 swapna 5 3000 2000 5000 500 
